00000000000000000000000000000000
11110000000000000000000000000000
11111110000000000000000000000000
11111111100000000000000000000000
11111111110000000000000000000000
11111111111000000000000000000000
01111111111100000000000000000000
00000111111110000000000000000010
00000001111111100000000000111111
00000000111111111000000111111111
00000000011111111111111111111111
00000000001111111111111111111111
00000000000111111111111111111110
00000000000001111111111111110000
00000000000000011111111110000000
00000000000000000011100000000000
00000000000000000000000000000000
00000000000000000000000000000000
00000000000000000000000000000000
00000000000000000000000000000000
00000000000000000000000000000000
00000000000000000000000000000000
00000000000000000000000000000000
00000000000000000000000000000000
00000000000000000000000000000000
00000000000000000000000000000000
00000000000000000000000000000000
00000000000000000000000000000000
00000000000000000000000000000000
00000000000000000000000000000000
00000000000000000000000000000000
00000000000000000000000000000000