00000000000000000000000000000000
00000000000000000000000000000000
00000000000000000000000000000000
00000000000000000000000000000000
00000000000000000000000000000000
00000000000000000000000000000000
00000000000000000000000000000000
00000000000000000000000000000000
00000000000000000000000000000000
00000000000000000000000000000000
00000000000000000000000000000000
00000000000000000000000000000000
00000000000000000000000000000000
00000000000000000000000000000000
00000000000000000000000000000000
01111101111000000000000000000000
11111111111110000000000000000000
11111111111111000000000000000000
11111111111111000000011110000000
11111111111111100001111111000000
01001111111111100001111111100000
00000000011111100011111111100000
00000001111111000011111111110000
00000011111111000111111111110000
00000011111110001111111111111000
00000111111100111111110111111111
00000111111111111111100011111111
00000111111111111111000001111111
00000011111111111110000000111111
00000001111111111100000000001111
00000000011111110000000000000001
00000000000000000000000000000000